01 01 01 10 10   "No" [2]
01 01 01 10 01   "No" [2]
01 01 01 10 101   "No" [2]
01 01 01 10 010   "No" [2]
01 01 01 101 01   "No" [2]
01 01 01 101 101   "No" [2]
01 01 01 1010 10   "No" [2]
01 01 01 1010 01   "No" [2]
01 01 01 1010 101   "No" [2]
01 01 01 1010 010   "No" [2]
01 01 10 10 10   "No" [2]
01 01 10 10 01   "No" [2]
01 01 10 10 101   "No" [2]
01 01 10 10 010   "No" [2]
01 01 10 101 10   "No" [2]
01 01 10 101 01   "No" [2]
01 01 10 101 101   "No" [2]
01 01 10 101 010   "No" [2]
01 01 10 1010 10   "No" [2]
01 01 10 1010 01   "No" [2]
01 01 10 1010 101   "No" [2]
01 01 10 1010 010   "No" [2]
01 10 10 01 01   "No" [2]
01 10 10 01 10   "No" [2]
01 10 10 01 010   "No" [2]
01 10 10 01 101   "No" [2]
01 10 10 010 01   "No" [2]
01 10 10 010 10   "No" [2]
01 10 10 010 010   "No" [2]
01 10 10 010 101   "No" [2]
01 10 10 0101 01   "No" [2]
01 10 10 0101 10   "No" [2]
01 10 10 0101 010   "No" [2]
01 10 10 0101 101   "No" [2]
01 10 01 01 01   "No" [2]
01 10 01 01 10   "No" [2]
01 10 01 01 010   "No" [2]
01 10 01 01 101   "No" [2]
01 10 01 010 01   "No" [2]
01 10 01 010 10   "No" [2]
01 10 01 010 010   "No" [2]
01 10 01 010 101   "No" [2]
01 10 01 0101 01   "No" [2]
01 10 01 0101 10   "No" [2]
01 10 01 0101 010   "No" [2]
01 10 01 0101 101   "No" [2]
01 010 01 01 01   "No" [2]
01 010 01 01 10   "No" [2]
01 010 01 01 010   "No" [2]
01 010 01 01 101   "No" [2]
01 010 01 010 01   "No" [2]
01 010 01 010 10   "No" [2]
01 010 01 010 010   "No" [2]
01 010 01 010 101   "No" [2]
01 010 01 0101 01   "No" [2]
01 010 01 0101 10   "No" [2]
01 010 01 0101 010   "No" [2]
01 010 01 0101 101   "No" [2]
01 010 10 01 01   "No" [2]
01 010 10 01 101   "No" [2]
01 010 10 010 01   "No" [2]
01 010 10 010 10   "No" [2]
01 010 10 010 010   "No" [2]
01 010 10 010 101   "No" [2]
01 010 10 0101 01   "No" [2]
01 010 10 0101 101   "No" [2]
01 101 10 10 01   "No" [2]
01 101 10 10 101   "No" [2]
01 101 10 101 10   "No" [2]
01 101 10 101 01   "No" [2]
01 101 10 101 101   "No" [2]
01 101 10 101 010   "No" [2]
01 101 10 1010 01   "No" [2]
01 101 10 1010 101   "No" [2]
01 101 01 10 10   "No" [2]
01 101 01 10 01   "No" [2]
01 101 01 10 101   "No" [2]
01 101 01 10 010   "No" [2]
01 101 01 101 10   "No" [2]
01 101 01 101 01   "No" [2]
01 101 01 101 101   "No" [2]
01 101 01 101 010   "No" [2]
01 101 01 1010 10   "No" [2]
01 101 01 1010 01   "No" [2]
01 101 01 1010 101   "No" [2]
01 101 01 1010 010   "No" [2]
01 0101 01 10 10   "No" [2]
01 0101 01 10 01   "No" [2]
01 0101 01 10 101   "No" [2]
01 0101 01 10 010   "No" [2]
01 0101 01 101 01   "No" [2]
01 0101 01 101 101   "No" [2]
01 0101 01 1010 10   "No" [2]
01 0101 01 1010 01   "No" [2]
01 0101 01 1010 101   "No" [2]
01 0101 01 1010 010   "No" [2]
01 0101 10 10 10   "No" [2]
01 0101 10 10 01   "No" [2]
01 0101 10 10 101   "No" [2]
01 0101 10 10 010   "No" [2]
01 0101 10 101 10   "No" [2]
01 0101 10 101 01   "No" [2]
01 0101 10 101 101   "No" [2]
01 0101 10 101 010   "No" [2]
01 0101 10 1010 10   "No" [2]
01 0101 10 1010 01   "No" [2]
01 0101 10 1010 101   "No" [2]
01 0101 10 1010 010   "No" [2]
01 1010 10 01 01   "No" [2]
01 1010 10 01 10   "No" [2]
01 1010 10 01 010   "No" [2]
01 1010 10 01 101   "No" [2]
01 1010 10 010 01   "No" [2]
01 1010 10 010 10   "No" [2]
01 1010 10 010 010   "No" [2]
01 1010 10 010 101   "No" [2]
01 1010 10 0101 01   "No" [2]
01 1010 10 0101 10   "No" [2]
01 1010 10 0101 010   "No" [2]
01 1010 10 0101 101   "No" [2]
01 1010 01 01 01   "No" [2]
01 1010 01 01 10   "No" [2]
01 1010 01 01 010   "No" [2]
01 1010 01 01 101   "No" [2]
01 1010 01 010 01   "No" [2]
01 1010 01 010 101   "No" [2]
01 1010 01 0101 01   "No" [2]
01 1010 01 0101 10   "No" [2]
01 1010 01 0101 010   "No" [2]
01 1010 01 0101 101   "No" [2]
10 10 10 01 01   "No" [2]
10 10 10 01 10   "No" [2]
10 10 10 01 010   "No" [2]
10 10 10 01 101   "No" [2]
10 10 10 010 01   "No" [2]
10 10 10 010 10   "No" [2]
10 10 10 010 010   "No" [2]
10 10 10 010 101   "No" [2]
10 10 10 0101 01   "No" [2]
10 10 10 0101 10   "No" [2]
10 10 10 0101 010   "No" [2]
10 10 10 0101 101   "No" [2]
10 10 01 01 01   "No" [2]
10 10 01 01 10   "No" [2]
10 10 01 01 010   "No" [2]
10 10 01 01 101   "No" [2]
10 10 01 010 01   "No" [2]
10 10 01 010 10   "No" [2]
10 10 01 010 010   "No" [2]
10 10 01 010 101   "No" [2]
10 10 01 0101 01   "No" [2]
10 10 01 0101 10   "No" [2]
10 10 01 0101 010   "No" [2]
10 10 01 0101 101   "No" [2]
10 01 01 10 10   "No" [2]
10 01 01 10 01   "No" [2]
10 01 01 10 101   "No" [2]
10 01 01 10 010   "No" [2]
10 01 01 101 10   "No" [2]
10 01 01 101 01   "No" [2]
10 01 01 101 101   "No" [2]
10 01 01 101 010   "No" [2]
10 01 01 1010 10   "No" [2]
10 01 01 1010 01   "No" [2]
10 01 01 1010 101   "No" [2]
10 01 01 1010 010   "No" [2]
10 01 10 10 10   "No" [2]
10 01 10 10 01   "No" [2]
10 01 10 10 101   "No" [2]
10 01 10 10 010   "No" [2]
10 01 10 101 10   "No" [2]
10 01 10 101 010   "No" [2]
10 01 10 1010 10   "No" [2]
10 01 10 1010 01   "No" [2]
10 01 10 1010 101   "No" [2]
10 01 10 1010 010   "No" [2]
10 101 10 10 10   "No" [2]
10 101 10 10 01   "No" [2]
10 101 10 10 101   "No" [2]
10 101 10 10 010   "No" [2]
10 101 10 101 10   "No" [2]
10 101 10 101 01   "No" [2]
10 101 10 101 101   "No" [2]
10 101 10 101 010   "No" [2]
10 101 10 1010 10   "No" [2]
10 101 10 1010 01   "No" [2]
10 101 10 1010 101   "No" [2]
10 101 10 1010 010   "No" [2]
10 101 01 10 10   "No" [2]
10 101 01 10 010   "No" [2]
10 101 01 101 10   "No" [2]
10 101 01 101 01   "No" [2]
10 101 01 101 101   "No" [2]
10 101 01 101 010   "No" [2]
10 101 01 1010 10   "No" [2]
10 101 01 1010 010   "No" [2]
10 010 01 01 10   "No" [2]
10 010 01 01 010   "No" [2]
10 010 01 010 01   "No" [2]
10 010 01 010 10   "No" [2]
10 010 01 010 010   "No" [2]
10 010 01 010 101   "No" [2]
10 010 01 0101 10   "No" [2]
10 010 01 0101 010   "No" [2]
10 010 10 01 01   "No" [2]
10 010 10 01 10   "No" [2]
10 010 10 01 010   "No" [2]
10 010 10 01 101   "No" [2]
10 010 10 010 01   "No" [2]
10 010 10 010 10   "No" [2]
10 010 10 010 010   "No" [2]
10 010 10 010 101   "No" [2]
10 010 10 0101 01   "No" [2]
10 010 10 0101 10   "No" [2]
10 010 10 0101 010   "No" [2]
10 010 10 0101 101   "No" [2]
10 1010 10 01 01   "No" [2]
10 1010 10 01 10   "No" [2]
10 1010 10 01 010   "No" [2]
10 1010 10 01 101   "No" [2]
10 1010 10 010 10   "No" [2]
10 1010 10 010 010   "No" [2]
10 1010 10 0101 01   "No" [2]
10 1010 10 0101 10   "No" [2]
10 1010 10 0101 010   "No" [2]
10 1010 10 0101 101   "No" [2]
10 1010 01 01 01   "No" [2]
10 1010 01 01 10   "No" [2]
10 1010 01 01 010   "No" [2]
10 1010 01 01 101   "No" [2]
10 1010 01 010 01   "No" [2]
10 1010 01 010 10   "No" [2]
10 1010 01 010 010   "No" [2]
10 1010 01 010 101   "No" [2]
10 1010 01 0101 01   "No" [2]
10 1010 01 0101 10   "No" [2]
10 1010 01 0101 010   "No" [2]
10 1010 01 0101 101   "No" [2]
10 0101 01 10 10   "No" [2]
10 0101 01 10 01   "No" [2]
10 0101 01 10 101   "No" [2]
10 0101 01 10 010   "No" [2]
10 0101 01 101 10   "No" [2]
10 0101 01 101 01   "No" [2]
10 0101 01 101 101   "No" [2]
10 0101 01 101 010   "No" [2]
10 0101 01 1010 10   "No" [2]
10 0101 01 1010 01   "No" [2]
10 0101 01 1010 101   "No" [2]
10 0101 01 1010 010   "No" [2]
10 0101 10 10 10   "No" [2]
10 0101 10 10 01   "No" [2]
10 0101 10 10 101   "No" [2]
10 0101 10 10 010   "No" [2]
10 0101 10 101 10   "No" [2]
10 0101 10 101 010   "No" [2]
10 0101 10 1010 10   "No" [2]
10 0101 10 1010 01   "No" [2]
10 0101 10 1010 101   "No" [2]
10 0101 10 1010 010   "No" [2]
010 01 01 10 10   "No" [2]
010 01 01 10 01   "No" [2]
010 01 01 10 101   "No" [2]
010 01 01 10 010   "No" [2]
010 01 01 101 10   "No" [2]
010 01 01 101 01   "No" [2]
010 01 01 101 101   "No" [2]
010 01 01 101 010   "No" [2]
010 01 01 1010 10   "No" [2]
010 01 01 1010 01   "No" [2]
010 01 01 1010 101   "No" [2]
010 01 01 1010 010   "No" [2]
010 01 10 10 10   "No" [2]
010 01 10 10 01   "No" [2]
010 01 10 10 101   "No" [2]
010 01 10 10 010   "No" [2]
010 01 10 101 10   "No" [2]
010 01 10 101 01   "No" [2]
010 01 10 101 101   "No" [2]
010 01 10 101 010   "No" [2]
010 01 10 1010 10   "No" [2]
010 01 10 1010 01   "No" [2]
010 01 10 1010 101   "No" [2]
010 01 10 1010 010   "No" [2]
010 10 10 01 01   "No" [2]
010 10 10 01 10   "No" [2]
010 10 10 01 010   "No" [2]
010 10 10 01 101   "No" [2]
010 10 10 010 01   "No" [2]
010 10 10 010 10   "No" [2]
010 10 10 010 010   "No" [2]
010 10 10 010 101   "No" [2]
010 10 10 0101 01   "No" [2]
010 10 10 0101 10   "No" [2]
010 10 10 0101 010   "No" [2]
010 10 10 0101 101   "No" [2]
010 10 01 01 01   "No" [2]
010 10 01 01 10   "No" [2]
010 10 01 01 010   "No" [2]
010 10 01 01 101   "No" [2]
010 10 01 010 01   "No" [2]
010 10 01 010 101   "No" [2]
010 10 01 0101 01   "No" [2]
010 10 01 0101 10   "No" [2]
010 10 01 0101 010   "No" [2]
010 10 01 0101 101   "No" [2]
010 010 01 01 01   "No" [2]
010 010 01 01 10   "No" [2]
010 010 01 01 010   "No" [2]
010 010 01 01 101   "No" [2]
010 010 01 010 01   "No" [2]
010 010 01 010 10   "No" [2]
010 010 01 010 010   "No" [2]
010 010 01 010 101   "No" [2]
010 010 01 0101 01   "No" [2]
010 010 01 0101 10   "No" [2]
010 010 01 0101 010   "No" [2]
010 010 01 0101 101   "No" [2]
010 010 10 01 01   "No" [2]
010 010 10 01 101   "No" [2]
010 010 10 010 01   "No" [2]
010 010 10 010 10   "No" [2]
010 010 10 010 010   "No" [2]
010 010 10 010 101   "No" [2]
010 010 10 0101 01   "No" [2]
010 010 10 0101 101   "No" [2]
010 101 10 10 01   "No" [2]
010 101 10 10 101   "No" [2]
010 101 10 101 10   "No" [2]
010 101 10 101 01   "No" [2]
010 101 10 101 101   "No" [2]
010 101 10 101 010   "No" [2]
010 101 10 1010 01   "No" [2]
010 101 10 1010 101   "No" [2]
010 101 01 10 10   "No" [2]
010 101 01 10 01   "No" [2]
010 101 01 10 101   "No" [2]
010 101 01 10 010   "No" [2]
010 101 01 101 10   "No" [2]
010 101 01 101 01   "No" [2]
010 101 01 101 101   "No" [2]
010 101 01 101 010   "No" [2]
010 101 01 1010 10   "No" [2]
010 101 01 1010 01   "No" [2]
010 101 01 1010 101   "No" [2]
010 101 01 1010 010   "No" [2]
010 0101 01 10 10   "No" [2]
010 0101 01 10 01   "No" [2]
010 0101 01 10 101   "No" [2]
010 0101 01 10 010   "No" [2]
010 0101 01 101 01   "No" [2]
010 0101 01 101 101   "No" [2]
010 0101 01 1010 10   "No" [2]
010 0101 01 1010 01   "No" [2]
010 0101 01 1010 101   "No" [2]
010 0101 01 1010 010   "No" [2]
010 0101 10 10 10   "No" [2]
010 0101 10 10 01   "No" [2]
010 0101 10 10 101   "No" [2]
010 0101 10 10 010   "No" [2]
010 0101 10 101 10   "No" [2]
010 0101 10 101 01   "No" [2]
010 0101 10 101 101   "No" [2]
010 0101 10 101 010   "No" [2]
010 0101 10 1010 10   "No" [2]
010 0101 10 1010 01   "No" [2]
010 0101 10 1010 101   "No" [2]
010 0101 10 1010 010   "No" [2]
010 1010 10 01 01   "No" [2]
010 1010 10 01 10   "No" [2]
010 1010 10 01 010   "No" [2]
010 1010 10 01 101   "No" [2]
010 1010 10 010 01   "No" [2]
010 1010 10 010 10   "No" [2]
010 1010 10 010 010   "No" [2]
010 1010 10 010 101   "No" [2]
010 1010 10 0101 01   "No" [2]
010 1010 10 0101 10   "No" [2]
010 1010 10 0101 010   "No" [2]
010 1010 10 0101 101   "No" [2]
010 1010 01 01 01   "No" [2]
010 1010 01 01 10   "No" [2]
010 1010 01 01 010   "No" [2]
010 1010 01 01 101   "No" [2]
010 1010 01 010 01   "No" [2]
010 1010 01 010 101   "No" [2]
010 1010 01 0101 01   "No" [2]
010 1010 01 0101 10   "No" [2]
010 1010 01 0101 010   "No" [2]
010 1010 01 0101 101   "No" [2]
101 10 10 01 01   "No" [2]
101 10 10 01 10   "No" [2]
101 10 10 01 010   "No" [2]
101 10 10 01 101   "No" [2]
101 10 10 010 10   "No" [2]
101 10 10 010 010   "No" [2]
101 10 10 0101 01   "No" [2]
101 10 10 0101 10   "No" [2]
101 10 10 0101 010   "No" [2]
101 10 10 0101 101   "No" [2]
101 10 01 01 01   "No" [2]
101 10 01 01 10   "No" [2]
101 10 01 01 010   "No" [2]
101 10 01 01 101   "No" [2]
101 10 01 010 01   "No" [2]
101 10 01 010 10   "No" [2]
101 10 01 010 010   "No" [2]
101 10 01 010 101   "No" [2]
101 10 01 0101 01   "No" [2]
101 10 01 0101 10   "No" [2]
101 10 01 0101 010   "No" [2]
101 10 01 0101 101   "No" [2]
101 01 01 10 10   "No" [2]
101 01 01 10 01   "No" [2]
101 01 01 10 101   "No" [2]
101 01 01 10 010   "No" [2]
101 01 01 101 10   "No" [2]
101 01 01 101 01   "No" [2]
101 01 01 101 101   "No" [2]
101 01 01 101 010   "No" [2]
101 01 01 1010 10   "No" [2]
101 01 01 1010 01   "No" [2]
101 01 01 1010 101   "No" [2]
101 01 01 1010 010   "No" [2]
101 01 10 10 10   "No" [2]
101 01 10 10 01   "No" [2]
101 01 10 10 101   "No" [2]
101 01 10 10 010   "No" [2]
101 01 10 101 10   "No" [2]
101 01 10 101 01   "No" [2]
101 01 10 101 101   "No" [2]
101 01 10 101 010   "No" [2]
101 01 10 1010 10   "No" [2]
101 01 10 1010 01   "No" [2]
101 01 10 1010 101   "No" [2]
101 01 10 1010 010   "No" [2]
101 101 10 10 10   "No" [2]
101 101 10 10 01   "No" [2]
101 101 10 10 101   "No" [2]
101 101 10 10 010   "No" [2]
101 101 10 101 10   "No" [2]
101 101 10 101 01   "No" [2]
101 101 10 101 101   "No" [2]
101 101 10 101 010   "No" [2]
101 101 10 1010 10   "No" [2]
101 101 10 1010 01   "No" [2]
101 101 10 1010 101   "No" [2]
101 101 10 1010 010   "No" [2]
101 101 01 10 10   "No" [2]
101 101 01 10 010   "No" [2]
101 101 01 101 10   "No" [2]
101 101 01 101 01   "No" [2]
101 101 01 101 101   "No" [2]
101 101 01 101 010   "No" [2]
101 101 01 1010 10   "No" [2]
101 101 01 1010 010   "No" [2]
101 010 01 01 10   "No" [2]
101 010 01 01 010   "No" [2]
101 010 01 010 01   "No" [2]
101 010 01 010 10   "No" [2]
101 010 01 010 010   "No" [2]
101 010 01 010 101   "No" [2]
101 010 01 0101 10   "No" [2]
101 010 01 0101 010   "No" [2]
101 010 10 01 01   "No" [2]
101 010 10 01 10   "No" [2]
101 010 10 01 010   "No" [2]
101 010 10 01 101   "No" [2]
101 010 10 010 01   "No" [2]
101 010 10 010 10   "No" [2]
101 010 10 010 010   "No" [2]
101 010 10 010 101   "No" [2]
101 010 10 0101 01   "No" [2]
101 010 10 0101 10   "No" [2]
101 010 10 0101 010   "No" [2]
101 010 10 0101 101   "No" [2]
101 1010 10 01 01   "No" [2]
101 1010 10 01 10   "No" [2]
101 1010 10 01 010   "No" [2]
101 1010 10 01 101   "No" [2]
101 1010 10 010 10   "No" [2]
101 1010 10 010 010   "No" [2]
101 1010 10 0101 01   "No" [2]
101 1010 10 0101 10   "No" [2]
101 1010 10 0101 010   "No" [2]
101 1010 10 0101 101   "No" [2]
101 1010 01 01 01   "No" [2]
101 1010 01 01 10   "No" [2]
101 1010 01 01 010   "No" [2]
101 1010 01 01 101   "No" [2]
101 1010 01 010 01   "No" [2]
101 1010 01 010 10   "No" [2]
101 1010 01 010 010   "No" [2]
101 1010 01 010 101   "No" [2]
101 1010 01 0101 01   "No" [2]
101 1010 01 0101 10   "No" [2]
101 1010 01 0101 010   "No" [2]
101 1010 01 0101 101   "No" [2]
101 0101 01 10 10   "No" [2]
101 0101 01 10 01   "No" [2]
101 0101 01 10 101   "No" [2]
101 0101 01 10 010   "No" [2]
101 0101 01 101 10   "No" [2]
101 0101 01 101 01   "No" [2]
101 0101 01 101 101   "No" [2]
101 0101 01 101 010   "No" [2]
101 0101 01 1010 10   "No" [2]
101 0101 01 1010 01   "No" [2]
101 0101 01 1010 101   "No" [2]
101 0101 01 1010 010   "No" [2]
101 0101 10 10 10   "No" [2]
101 0101 10 10 01   "No" [2]
101 0101 10 10 101   "No" [2]
101 0101 10 10 010   "No" [2]
101 0101 10 101 10   "No" [2]
101 0101 10 101 010   "No" [2]
101 0101 10 1010 10   "No" [2]
101 0101 10 1010 01   "No" [2]
101 0101 10 1010 101   "No" [2]
101 0101 10 1010 010   "No" [2]
