01 01 01 01 01   "YES" [3]
01 01 01 01 101   "YES" [3]
01 01 01 0101 01   "YES" [3]
01 01 01 0101 101   "YES" [3]
01 01 101 10 10   "YES" [3]
01 01 101 10 010   "YES" [3]
01 01 101 010 01   "YES" [3]
01 01 101 010 101   "YES" [3]
01 01 101 1010 10   "YES" [3]
01 01 101 1010 010   "YES" [3]
01 01 0101 01 01   "YES" [3]
01 01 0101 01 101   "YES" [3]
01 01 0101 101 10   "YES" [3]
01 01 0101 101 010   "YES" [3]
01 01 0101 0101 01   "YES" [3]
01 01 0101 0101 101   "YES" [3]
01 01 1010 01 10   "YES" [3]
01 01 1010 01 010   "YES" [3]
01 01 1010 101 01   "YES" [3]
01 01 1010 101 101   "YES" [3]
01 01 1010 0101 10   "YES" [3]
01 01 1010 0101 010   "YES" [3]
01 01 01010 10 01   "YES" [3]
01 01 01010 10 101   "YES" [3]
01 01 01010 010 10   "YES" [3]
01 01 01010 010 010   "YES" [3]
01 01 01010 1010 01   "YES" [3]
01 01 01010 1010 101   "YES" [3]
01 01 10101 10 10   "YES" [3]
01 01 10101 10 010   "YES" [3]
01 01 10101 010 01   "YES" [3]
01 01 10101 010 101   "YES" [3]
01 01 10101 1010 10   "YES" [3]
01 01 10101 1010 010   "YES" [3]
01 010 10 101 01   "YES" [3]
01 010 10 101 101   "YES" [3]
01 010 010 10 01   "YES" [3]
01 010 010 10 101   "YES" [3]
01 010 010 010 10   "YES" [3]
01 010 010 010 010   "YES" [3]
01 010 010 1010 01   "YES" [3]
01 010 010 1010 101   "YES" [3]
01 010 0101 01 01   "YES" [3]
01 010 0101 01 101   "YES" [3]
01 010 0101 101 10   "YES" [3]
01 010 0101 101 010   "YES" [3]
01 010 0101 0101 01   "YES" [3]
01 010 0101 0101 101   "YES" [3]
01 010 1010 01 10   "YES" [3]
01 010 1010 01 010   "YES" [3]
01 010 1010 101 01   "YES" [3]
01 010 1010 101 101   "YES" [3]
01 010 1010 0101 10   "YES" [3]
01 010 1010 0101 010   "YES" [3]
01 010 01010 10 01   "YES" [3]
01 010 01010 10 101   "YES" [3]
01 010 01010 010 10   "YES" [3]
01 010 01010 010 010   "YES" [3]
01 010 01010 1010 01   "YES" [3]
01 010 01010 1010 101   "YES" [3]
01 010 10101 10 10   "YES" [3]
01 010 10101 10 010   "YES" [3]
01 010 10101 010 01   "YES" [3]
01 010 10101 010 101   "YES" [3]
01 010 10101 1010 10   "YES" [3]
01 010 10101 1010 010   "YES" [3]
01 101 10 010 01   "YES" [3]
01 101 10 010 101   "YES" [3]
01 101 010 01 01   "YES" [3]
01 101 010 01 101   "YES" [3]
01 101 010 101 10   "YES" [3]
01 101 010 101 010   "YES" [3]
01 101 010 0101 01   "YES" [3]
01 101 010 0101 101   "YES" [3]
01 101 1010 10 10   "YES" [3]
01 101 1010 10 010   "YES" [3]
01 101 1010 010 01   "YES" [3]
01 101 1010 010 101   "YES" [3]
01 101 1010 1010 10   "YES" [3]
01 101 1010 1010 010   "YES" [3]
01 101 0101 10 01   "YES" [3]
01 101 0101 10 101   "YES" [3]
01 101 0101 010 10   "YES" [3]
01 101 0101 010 010   "YES" [3]
01 101 0101 1010 01   "YES" [3]
01 101 0101 1010 101   "YES" [3]
01 101 10101 01 10   "YES" [3]
01 101 10101 01 010   "YES" [3]
01 101 10101 101 01   "YES" [3]
01 101 10101 101 101   "YES" [3]
01 101 10101 0101 10   "YES" [3]
01 101 10101 0101 010   "YES" [3]
01 101 01010 01 01   "YES" [3]
01 101 01010 01 101   "YES" [3]
01 101 01010 101 10   "YES" [3]
01 101 01010 101 010   "YES" [3]
01 101 01010 0101 01   "YES" [3]
01 101 01010 0101 101   "YES" [3]
01 0101 01 01 01   "YES" [3]
01 0101 01 01 101   "YES" [3]
01 0101 01 0101 01   "YES" [3]
01 0101 01 0101 101   "YES" [3]
01 0101 101 10 10   "YES" [3]
01 0101 101 10 010   "YES" [3]
01 0101 101 010 01   "YES" [3]
01 0101 101 010 101   "YES" [3]
01 0101 101 1010 10   "YES" [3]
01 0101 101 1010 010   "YES" [3]
01 0101 0101 01 01   "YES" [3]
01 0101 0101 01 101   "YES" [3]
01 0101 0101 101 10   "YES" [3]
01 0101 0101 101 010   "YES" [3]
01 0101 0101 0101 01   "YES" [3]
01 0101 0101 0101 101   "YES" [3]
01 0101 1010 01 10   "YES" [3]
01 0101 1010 01 010   "YES" [3]
01 0101 1010 101 01   "YES" [3]
01 0101 1010 101 101   "YES" [3]
01 0101 1010 0101 10   "YES" [3]
01 0101 1010 0101 010   "YES" [3]
01 0101 01010 10 01   "YES" [3]
01 0101 01010 10 101   "YES" [3]
01 0101 01010 010 10   "YES" [3]
01 0101 01010 010 010   "YES" [3]
01 0101 01010 1010 01   "YES" [3]
01 0101 01010 1010 101   "YES" [3]
01 0101 10101 10 10   "YES" [3]
01 0101 10101 10 010   "YES" [3]
01 0101 10101 010 01   "YES" [3]
01 0101 10101 010 101   "YES" [3]
01 0101 10101 1010 10   "YES" [3]
01 0101 10101 1010 010   "YES" [3]
01 1010 01 10 01   "YES" [3]
01 1010 01 10 101   "YES" [3]
01 1010 01 1010 01   "YES" [3]
01 1010 01 1010 101   "YES" [3]
01 1010 101 01 10   "YES" [3]
01 1010 101 01 010   "YES" [3]
01 1010 101 101 01   "YES" [3]
01 1010 101 101 101   "YES" [3]
01 1010 101 0101 10   "YES" [3]
01 1010 101 0101 010   "YES" [3]
01 1010 1010 10 10   "YES" [3]
01 1010 1010 10 010   "YES" [3]
01 1010 1010 010 01   "YES" [3]
01 1010 1010 010 101   "YES" [3]
01 1010 1010 1010 10   "YES" [3]
01 1010 1010 1010 010   "YES" [3]
01 1010 0101 10 01   "YES" [3]
01 1010 0101 10 101   "YES" [3]
01 1010 0101 010 10   "YES" [3]
01 1010 0101 010 010   "YES" [3]
01 1010 0101 1010 01   "YES" [3]
01 1010 0101 1010 101   "YES" [3]
01 1010 10101 01 10   "YES" [3]
01 1010 10101 01 010   "YES" [3]
01 1010 10101 101 01   "YES" [3]
01 1010 10101 101 101   "YES" [3]
01 1010 10101 0101 10   "YES" [3]
01 1010 10101 0101 010   "YES" [3]
01 1010 01010 01 01   "YES" [3]
01 1010 01010 01 101   "YES" [3]
01 1010 01010 101 10   "YES" [3]
01 1010 01010 101 010   "YES" [3]
01 1010 01010 0101 01   "YES" [3]
01 1010 01010 0101 101   "YES" [3]
10 01 10 01 10   "YES" [3]
10 01 10 01 010   "YES" [3]
10 01 10 0101 10   "YES" [3]
10 01 10 0101 010   "YES" [3]
10 01 010 10 01   "YES" [3]
10 01 010 10 101   "YES" [3]
10 01 010 010 10   "YES" [3]
10 01 010 010 010   "YES" [3]
10 01 010 1010 01   "YES" [3]
10 01 010 1010 101   "YES" [3]
10 01 0101 01 01   "YES" [3]
10 01 0101 01 101   "YES" [3]
10 01 0101 101 10   "YES" [3]
10 01 0101 101 010   "YES" [3]
10 01 0101 0101 01   "YES" [3]
10 01 0101 0101 101   "YES" [3]
10 01 1010 01 10   "YES" [3]
10 01 1010 01 010   "YES" [3]
10 01 1010 101 01   "YES" [3]
10 01 1010 101 101   "YES" [3]
10 01 1010 0101 10   "YES" [3]
10 01 1010 0101 010   "YES" [3]
10 01 01010 10 01   "YES" [3]
10 01 01010 10 101   "YES" [3]
10 01 01010 010 10   "YES" [3]
10 01 01010 010 010   "YES" [3]
10 01 01010 1010 01   "YES" [3]
10 01 01010 1010 101   "YES" [3]
10 01 10101 10 10   "YES" [3]
10 01 10101 10 010   "YES" [3]
10 01 10101 010 01   "YES" [3]
10 01 10101 010 101   "YES" [3]
10 01 10101 1010 10   "YES" [3]
10 01 10101 1010 010   "YES" [3]
10 101 01 010 10   "YES" [3]
10 101 01 010 010   "YES" [3]
10 101 101 01 10   "YES" [3]
10 101 101 01 010   "YES" [3]
10 101 101 101 01   "YES" [3]
10 101 101 101 101   "YES" [3]
10 101 101 0101 10   "YES" [3]
10 101 101 0101 010   "YES" [3]
10 101 1010 10 10   "YES" [3]
10 101 1010 10 010   "YES" [3]
10 101 1010 010 01   "YES" [3]
10 101 1010 010 101   "YES" [3]
10 101 1010 1010 10   "YES" [3]
10 101 1010 1010 010   "YES" [3]
10 101 0101 10 01   "YES" [3]
10 101 0101 10 101   "YES" [3]
10 101 0101 010 10   "YES" [3]
10 101 0101 010 010   "YES" [3]
10 101 0101 1010 01   "YES" [3]
10 101 0101 1010 101   "YES" [3]
10 101 10101 01 10   "YES" [3]
10 101 10101 01 010   "YES" [3]
10 101 10101 101 01   "YES" [3]
10 101 10101 101 101   "YES" [3]
10 101 10101 0101 10   "YES" [3]
10 101 10101 0101 010   "YES" [3]
10 101 01010 01 01   "YES" [3]
10 101 01010 01 101   "YES" [3]
10 101 01010 101 10   "YES" [3]
10 101 01010 101 010   "YES" [3]
10 101 01010 0101 01   "YES" [3]
10 101 01010 0101 101   "YES" [3]
10 010 01 101 10   "YES" [3]
10 010 01 101 010   "YES" [3]
10 010 101 10 10   "YES" [3]
10 010 101 10 010   "YES" [3]
10 010 101 010 01   "YES" [3]
10 010 101 010 101   "YES" [3]
10 010 101 1010 10   "YES" [3]
10 010 101 1010 010   "YES" [3]
10 010 0101 01 01   "YES" [3]
10 010 0101 01 101   "YES" [3]
10 010 0101 101 10   "YES" [3]
10 010 0101 101 010   "YES" [3]
10 010 0101 0101 01   "YES" [3]
10 010 0101 0101 101   "YES" [3]
10 010 1010 01 10   "YES" [3]
10 010 1010 01 010   "YES" [3]
10 010 1010 101 01   "YES" [3]
10 010 1010 101 101   "YES" [3]
10 010 1010 0101 10   "YES" [3]
10 010 1010 0101 010   "YES" [3]
10 010 01010 10 01   "YES" [3]
10 010 01010 10 101   "YES" [3]
10 010 01010 010 10   "YES" [3]
10 010 01010 010 010   "YES" [3]
10 010 01010 1010 01   "YES" [3]
10 010 01010 1010 101   "YES" [3]
10 010 10101 10 10   "YES" [3]
10 010 10101 10 010   "YES" [3]
10 010 10101 010 01   "YES" [3]
10 010 10101 010 101   "YES" [3]
10 010 10101 1010 10   "YES" [3]
10 010 10101 1010 010   "YES" [3]
10 1010 10 10 10   "YES" [3]
10 1010 10 10 010   "YES" [3]
10 1010 10 1010 10   "YES" [3]
10 1010 10 1010 010   "YES" [3]
10 1010 010 01 01   "YES" [3]
10 1010 010 01 101   "YES" [3]
10 1010 010 101 10   "YES" [3]
10 1010 010 101 010   "YES" [3]
10 1010 010 0101 01   "YES" [3]
10 1010 010 0101 101   "YES" [3]
10 1010 1010 10 10   "YES" [3]
10 1010 1010 10 010   "YES" [3]
10 1010 1010 010 01   "YES" [3]
10 1010 1010 010 101   "YES" [3]
10 1010 1010 1010 10   "YES" [3]
10 1010 1010 1010 010   "YES" [3]
10 1010 0101 10 01   "YES" [3]
10 1010 0101 10 101   "YES" [3]
10 1010 0101 010 10   "YES" [3]
10 1010 0101 010 010   "YES" [3]
10 1010 0101 1010 01   "YES" [3]
10 1010 0101 1010 101   "YES" [3]
10 1010 10101 01 10   "YES" [3]
10 1010 10101 01 010   "YES" [3]
10 1010 10101 101 01   "YES" [3]
10 1010 10101 101 101   "YES" [3]
10 1010 10101 0101 10   "YES" [3]
10 1010 10101 0101 010   "YES" [3]
10 1010 01010 01 01   "YES" [3]
10 1010 01010 01 101   "YES" [3]
10 1010 01010 101 10   "YES" [3]
10 1010 01010 101 010   "YES" [3]
10 1010 01010 0101 01   "YES" [3]
10 1010 01010 0101 101   "YES" [3]
10 0101 10 01 10   "YES" [3]
10 0101 10 01 010   "YES" [3]
10 0101 10 0101 10   "YES" [3]
10 0101 10 0101 010   "YES" [3]
10 0101 010 10 01   "YES" [3]
10 0101 010 10 101   "YES" [3]
10 0101 010 010 10   "YES" [3]
10 0101 010 010 010   "YES" [3]
10 0101 010 1010 01   "YES" [3]
10 0101 010 1010 101   "YES" [3]
10 0101 0101 01 01   "YES" [3]
10 0101 0101 01 101   "YES" [3]
10 0101 0101 101 10   "YES" [3]
10 0101 0101 101 010   "YES" [3]
10 0101 0101 0101 01   "YES" [3]
10 0101 0101 0101 101   "YES" [3]
10 0101 1010 01 10   "YES" [3]
10 0101 1010 01 010   "YES" [3]
10 0101 1010 101 01   "YES" [3]
10 0101 1010 101 101   "YES" [3]
10 0101 1010 0101 10   "YES" [3]
10 0101 1010 0101 010   "YES" [3]
10 0101 01010 10 01   "YES" [3]
10 0101 01010 10 101   "YES" [3]
10 0101 01010 010 10   "YES" [3]
10 0101 01010 010 010   "YES" [3]
10 0101 01010 1010 01   "YES" [3]
10 0101 01010 1010 101   "YES" [3]
10 0101 10101 10 10   "YES" [3]
10 0101 10101 10 010   "YES" [3]
10 0101 10101 010 01   "YES" [3]
10 0101 10101 010 101   "YES" [3]
10 0101 10101 1010 10   "YES" [3]
10 0101 10101 1010 010   "YES" [3]
010 10 01 10 01   "YES" [3]
010 10 01 10 101   "YES" [3]
010 10 01 1010 01   "YES" [3]
010 10 01 1010 101   "YES" [3]
010 10 101 01 10   "YES" [3]
010 10 101 01 010   "YES" [3]
010 10 101 101 01   "YES" [3]
010 10 101 101 101   "YES" [3]
010 10 101 0101 10   "YES" [3]
010 10 101 0101 010   "YES" [3]
010 10 1010 10 10   "YES" [3]
010 10 1010 10 010   "YES" [3]
010 10 1010 010 01   "YES" [3]
010 10 1010 010 101   "YES" [3]
010 10 1010 1010 10   "YES" [3]
010 10 1010 1010 010   "YES" [3]
010 10 0101 10 01   "YES" [3]
010 10 0101 10 101   "YES" [3]
010 10 0101 010 10   "YES" [3]
010 10 0101 010 010   "YES" [3]
010 10 0101 1010 01   "YES" [3]
010 10 0101 1010 101   "YES" [3]
010 10 10101 01 10   "YES" [3]
010 10 10101 01 010   "YES" [3]
010 10 10101 101 01   "YES" [3]
010 10 10101 101 101   "YES" [3]
010 10 10101 0101 10   "YES" [3]
010 10 10101 0101 010   "YES" [3]
010 10 01010 01 01   "YES" [3]
010 10 01010 01 101   "YES" [3]
010 10 01010 101 10   "YES" [3]
010 10 01010 101 010   "YES" [3]
010 10 01010 0101 01   "YES" [3]
010 10 01010 0101 101   "YES" [3]
010 010 10 101 01   "YES" [3]
010 010 10 101 101   "YES" [3]
010 010 010 10 01   "YES" [3]
010 010 010 10 101   "YES" [3]
010 010 010 010 10   "YES" [3]
010 010 010 010 010   "YES" [3]
010 010 010 1010 01   "YES" [3]
010 010 010 1010 101   "YES" [3]
010 010 0101 01 01   "YES" [3]
010 010 0101 01 101   "YES" [3]
010 010 0101 101 10   "YES" [3]
010 010 0101 101 010   "YES" [3]
010 010 0101 0101 01   "YES" [3]
010 010 0101 0101 101   "YES" [3]
010 010 1010 01 10   "YES" [3]
010 010 1010 01 010   "YES" [3]
010 010 1010 101 01   "YES" [3]
010 010 1010 101 101   "YES" [3]
010 010 1010 0101 10   "YES" [3]
010 010 1010 0101 010   "YES" [3]
010 010 01010 10 01   "YES" [3]
010 010 01010 10 101   "YES" [3]
010 010 01010 010 10   "YES" [3]
010 010 01010 010 010   "YES" [3]
010 010 01010 1010 01   "YES" [3]
010 010 01010 1010 101   "YES" [3]
010 010 10101 10 10   "YES" [3]
010 010 10101 10 010   "YES" [3]
010 010 10101 010 01   "YES" [3]
010 010 10101 010 101   "YES" [3]
010 010 10101 1010 10   "YES" [3]
010 010 10101 1010 010   "YES" [3]
010 101 10 010 01   "YES" [3]
010 101 10 010 101   "YES" [3]
010 101 010 01 01   "YES" [3]
010 101 010 01 101   "YES" [3]
010 101 010 101 10   "YES" [3]
010 101 010 101 010   "YES" [3]
010 101 010 0101 01   "YES" [3]
010 101 010 0101 101   "YES" [3]
010 101 1010 10 10   "YES" [3]
010 101 1010 10 010   "YES" [3]
010 101 1010 010 01   "YES" [3]
010 101 1010 010 101   "YES" [3]
010 101 1010 1010 10   "YES" [3]
010 101 1010 1010 010   "YES" [3]
010 101 0101 10 01   "YES" [3]
010 101 0101 10 101   "YES" [3]
010 101 0101 010 10   "YES" [3]
010 101 0101 010 010   "YES" [3]
010 101 0101 1010 01   "YES" [3]
010 101 0101 1010 101   "YES" [3]
010 101 10101 01 10   "YES" [3]
010 101 10101 01 010   "YES" [3]
010 101 10101 101 01   "YES" [3]
010 101 10101 101 101   "YES" [3]
010 101 10101 0101 10   "YES" [3]
010 101 10101 0101 010   "YES" [3]
010 101 01010 01 01   "YES" [3]
010 101 01010 01 101   "YES" [3]
010 101 01010 101 10   "YES" [3]
010 101 01010 101 010   "YES" [3]
010 101 01010 0101 01   "YES" [3]
010 101 01010 0101 101   "YES" [3]
010 0101 01 01 01   "YES" [3]
010 0101 01 01 101   "YES" [3]
010 0101 01 0101 01   "YES" [3]
010 0101 01 0101 101   "YES" [3]
010 0101 101 10 10   "YES" [3]
010 0101 101 10 010   "YES" [3]
010 0101 101 010 01   "YES" [3]
010 0101 101 010 101   "YES" [3]
010 0101 101 1010 10   "YES" [3]
010 0101 101 1010 010   "YES" [3]
010 0101 0101 01 01   "YES" [3]
010 0101 0101 01 101   "YES" [3]
010 0101 0101 101 10   "YES" [3]
010 0101 0101 101 010   "YES" [3]
010 0101 0101 0101 01   "YES" [3]
010 0101 0101 0101 101   "YES" [3]
010 0101 1010 01 10   "YES" [3]
010 0101 1010 01 010   "YES" [3]
010 0101 1010 101 01   "YES" [3]
010 0101 1010 101 101   "YES" [3]
010 0101 1010 0101 10   "YES" [3]
010 0101 1010 0101 010   "YES" [3]
010 0101 01010 10 01   "YES" [3]
010 0101 01010 10 101   "YES" [3]
010 0101 01010 010 10   "YES" [3]
010 0101 01010 010 010   "YES" [3]
010 0101 01010 1010 01   "YES" [3]
010 0101 01010 1010 101   "YES" [3]
010 0101 10101 10 10   "YES" [3]
010 0101 10101 10 010   "YES" [3]
010 0101 10101 010 01   "YES" [3]
010 0101 10101 010 101   "YES" [3]
010 0101 10101 1010 10   "YES" [3]
010 0101 10101 1010 010   "YES" [3]
010 1010 01 10 01   "YES" [3]
010 1010 01 10 101   "YES" [3]
010 1010 01 1010 01   "YES" [3]
010 1010 01 1010 101   "YES" [3]
010 1010 101 01 10   "YES" [3]
010 1010 101 01 010   "YES" [3]
010 1010 101 101 01   "YES" [3]
010 1010 101 101 101   "YES" [3]
010 1010 101 0101 10   "YES" [3]
010 1010 101 0101 010   "YES" [3]
010 1010 1010 10 10   "YES" [3]
010 1010 1010 10 010   "YES" [3]
010 1010 1010 010 01   "YES" [3]
010 1010 1010 010 101   "YES" [3]
010 1010 1010 1010 10   "YES" [3]
010 1010 1010 1010 010   "YES" [3]
010 1010 0101 10 01   "YES" [3]
010 1010 0101 10 101   "YES" [3]
010 1010 0101 010 10   "YES" [3]
010 1010 0101 010 010   "YES" [3]
010 1010 0101 1010 01   "YES" [3]
010 1010 0101 1010 101   "YES" [3]
010 1010 10101 01 10   "YES" [3]
010 1010 10101 01 010   "YES" [3]
010 1010 10101 101 01   "YES" [3]
010 1010 10101 101 101   "YES" [3]
010 1010 10101 0101 10   "YES" [3]
010 1010 10101 0101 010   "YES" [3]
010 1010 01010 01 01   "YES" [3]
010 1010 01010 01 101   "YES" [3]
010 1010 01010 101 10   "YES" [3]
010 1010 01010 101 010   "YES" [3]
010 1010 01010 0101 01   "YES" [3]
010 1010 01010 0101 101   "YES" [3]
101 10 10 10 10   "YES" [3]
101 10 10 10 010   "YES" [3]
101 10 10 1010 10   "YES" [3]
101 10 10 1010 010   "YES" [3]
101 10 010 01 01   "YES" [3]
101 10 010 01 101   "YES" [3]
101 10 010 101 10   "YES" [3]
101 10 010 101 010   "YES" [3]
101 10 010 0101 01   "YES" [3]
101 10 010 0101 101   "YES" [3]
101 10 1010 10 10   "YES" [3]
101 10 1010 10 010   "YES" [3]
101 10 1010 010 01   "YES" [3]
101 10 1010 010 101   "YES" [3]
101 10 1010 1010 10   "YES" [3]
101 10 1010 1010 010   "YES" [3]
101 10 0101 10 01   "YES" [3]
101 10 0101 10 101   "YES" [3]
101 10 0101 010 10   "YES" [3]
101 10 0101 010 010   "YES" [3]
101 10 0101 1010 01   "YES" [3]
101 10 0101 1010 101   "YES" [3]
101 10 10101 01 10   "YES" [3]
101 10 10101 01 010   "YES" [3]
101 10 10101 101 01   "YES" [3]
101 10 10101 101 101   "YES" [3]
101 10 10101 0101 10   "YES" [3]
101 10 10101 0101 010   "YES" [3]
101 10 01010 01 01   "YES" [3]
101 10 01010 01 101   "YES" [3]
101 10 01010 101 10   "YES" [3]
101 10 01010 101 010   "YES" [3]
101 10 01010 0101 01   "YES" [3]
101 10 01010 0101 101   "YES" [3]
101 101 01 010 10   "YES" [3]
101 101 01 010 010   "YES" [3]
101 101 101 01 10   "YES" [3]
101 101 101 01 010   "YES" [3]
101 101 101 101 01   "YES" [3]
101 101 101 101 101   "YES" [3]
101 101 101 0101 10   "YES" [3]
101 101 101 0101 010   "YES" [3]
101 101 1010 10 10   "YES" [3]
101 101 1010 10 010   "YES" [3]
101 101 1010 010 01   "YES" [3]
101 101 1010 010 101   "YES" [3]
101 101 1010 1010 10   "YES" [3]
101 101 1010 1010 010   "YES" [3]
101 101 0101 10 01   "YES" [3]
101 101 0101 10 101   "YES" [3]
101 101 0101 010 10   "YES" [3]
101 101 0101 010 010   "YES" [3]
101 101 0101 1010 01   "YES" [3]
101 101 0101 1010 101   "YES" [3]
101 101 10101 01 10   "YES" [3]
101 101 10101 01 010   "YES" [3]
101 101 10101 101 01   "YES" [3]
101 101 10101 101 101   "YES" [3]
101 101 10101 0101 10   "YES" [3]
101 101 10101 0101 010   "YES" [3]
101 101 01010 01 01   "YES" [3]
101 101 01010 01 101   "YES" [3]
101 101 01010 101 10   "YES" [3]
101 101 01010 101 010   "YES" [3]
101 101 01010 0101 01   "YES" [3]
101 101 01010 0101 101   "YES" [3]
101 010 01 101 10   "YES" [3]
101 010 01 101 010   "YES" [3]
101 010 101 10 10   "YES" [3]
101 010 101 10 010   "YES" [3]
101 010 101 010 01   "YES" [3]
101 010 101 010 101   "YES" [3]
101 010 101 1010 10   "YES" [3]
101 010 101 1010 010   "YES" [3]
101 010 0101 01 01   "YES" [3]
101 010 0101 01 101   "YES" [3]
101 010 0101 101 10   "YES" [3]
101 010 0101 101 010   "YES" [3]
101 010 0101 0101 01   "YES" [3]
101 010 0101 0101 101   "YES" [3]
101 010 1010 01 10   "YES" [3]
101 010 1010 01 010   "YES" [3]
101 010 1010 101 01   "YES" [3]
101 010 1010 101 101   "YES" [3]
101 010 1010 0101 10   "YES" [3]
101 010 1010 0101 010   "YES" [3]
101 010 01010 10 01   "YES" [3]
101 010 01010 10 101   "YES" [3]
101 010 01010 010 10   "YES" [3]
101 010 01010 010 010   "YES" [3]
101 010 01010 1010 01   "YES" [3]
101 010 01010 1010 101   "YES" [3]
101 010 10101 10 10   "YES" [3]
101 010 10101 10 010   "YES" [3]
101 010 10101 010 01   "YES" [3]
101 010 10101 010 101   "YES" [3]
101 010 10101 1010 10   "YES" [3]
101 010 10101 1010 010   "YES" [3]
101 1010 10 10 10   "YES" [3]
101 1010 10 10 010   "YES" [3]
101 1010 10 1010 10   "YES" [3]
101 1010 10 1010 010   "YES" [3]
101 1010 010 01 01   "YES" [3]
101 1010 010 01 101   "YES" [3]
101 1010 010 101 10   "YES" [3]
101 1010 010 101 010   "YES" [3]
101 1010 010 0101 01   "YES" [3]
101 1010 010 0101 101   "YES" [3]
101 1010 1010 10 10   "YES" [3]
101 1010 1010 10 010   "YES" [3]
101 1010 1010 010 01   "YES" [3]
101 1010 1010 010 101   "YES" [3]
101 1010 1010 1010 10   "YES" [3]
101 1010 1010 1010 010   "YES" [3]
101 1010 0101 10 01   "YES" [3]
101 1010 0101 10 101   "YES" [3]
101 1010 0101 010 10   "YES" [3]
101 1010 0101 010 010   "YES" [3]
101 1010 0101 1010 01   "YES" [3]
101 1010 0101 1010 101   "YES" [3]
101 1010 10101 01 10   "YES" [3]
101 1010 10101 01 010   "YES" [3]
101 1010 10101 101 01   "YES" [3]
101 1010 10101 101 101   "YES" [3]
101 1010 10101 0101 10   "YES" [3]
101 1010 10101 0101 010   "YES" [3]
101 1010 01010 01 01   "YES" [3]
101 1010 01010 01 101   "YES" [3]
101 1010 01010 101 10   "YES" [3]
101 1010 01010 101 010   "YES" [3]
101 1010 01010 0101 01   "YES" [3]
101 1010 01010 0101 101   "YES" [3]
101 0101 10 01 10   "YES" [3]
101 0101 10 01 010   "YES" [3]
101 0101 10 0101 10   "YES" [3]
101 0101 10 0101 010   "YES" [3]
101 0101 010 10 01   "YES" [3]
101 0101 010 10 101   "YES" [3]
101 0101 010 010 10   "YES" [3]
101 0101 010 010 010   "YES" [3]
101 0101 010 1010 01   "YES" [3]
101 0101 010 1010 101   "YES" [3]
101 0101 0101 01 01   "YES" [3]
101 0101 0101 01 101   "YES" [3]
101 0101 0101 101 10   "YES" [3]
101 0101 0101 101 010   "YES" [3]
101 0101 0101 0101 01   "YES" [3]
101 0101 0101 0101 101   "YES" [3]
101 0101 1010 01 10   "YES" [3]
101 0101 1010 01 010   "YES" [3]
101 0101 1010 101 01   "YES" [3]
101 0101 1010 101 101   "YES" [3]
101 0101 1010 0101 10   "YES" [3]
101 0101 1010 0101 010   "YES" [3]
101 0101 01010 10 01   "YES" [3]
101 0101 01010 10 101   "YES" [3]
101 0101 01010 010 10   "YES" [3]
101 0101 01010 010 010   "YES" [3]
101 0101 01010 1010 01   "YES" [3]
101 0101 01010 1010 101   "YES" [3]
101 0101 10101 10 10   "YES" [3]
101 0101 10101 10 010   "YES" [3]
101 0101 10101 010 01   "YES" [3]
101 0101 10101 010 101   "YES" [3]
101 0101 10101 1010 10   "YES" [3]
101 0101 10101 1010 010   "YES" [3]
